world: ServerWorld
x: -128.25466963662709
y: 67.0
z: 439.6234524215129
yaw: -115.69992
pitch: 65.30002
