world: ServerWorld
x: -128.5524608142963
y: 67.0
z: 439.58864453396137
yaw: -179.79994
pitch: -7.9500027
