warps:
  Minigames:
    world: ServerWorld
    x: -128.54992856967766
    y: 249.0
    z: 439.64321116569863
    yaw: 0.05065918
    pitch: 12.449989
