warps:
  Minigames:
    world: ServerWorld
    x: -128.54992856967766
    y: 249.0
    z: 439.64321116569863
    yaw: 0.05065918
    pitch: 12.449989
  tp1:
    world: ServerWorld
    x: 78.67048585761363
    y: 77.0
    z: 123.62795353310725
    yaw: 0.099982776
    pitch: 3.5000205
  tp2:
    world: ServerWorld
    x: 211.03937699420948
    y: 115.0
    z: 280.53695022085617
    yaw: -269.90015
    pitch: 1.849987
  parkour:
    world: ServerWorld
    x: -467.5117268552573
    y: 22.0
    z: 628.5495305173498
    yaw: 84.61386
    pitch: 7.6499734
